"","T","payoffAve","payoffStdDev","sigma","K","S0","r","C","Cup","Clow","D","Dup","Dlow","G","Gup","Glow"
"1",100,0,0,0.013,14,0,2e-04,0,0,0,-1,-1,-1,-1,-1,-1
"2",100,0,0,0.013,14,0.1,2e-04,0,0,0,0,0,0,-1,-1,-1
"3",100,0,0,0.013,14,0.2,2e-04,0,0,0,0,0,0,0,0,0
"4",100,0,0,0.013,14,0.3,2e-04,0,0,0,0,0,0,0,0,0
"5",100,0,0,0.013,14,0.4,2e-04,0,0,0,0,0,0,0,0,0
"6",100,0,0,0.013,14,0.5,2e-04,0,0,0,0,0,0,0,0,0
"7",100,0,0,0.013,14,0.6,2e-04,0,0,0,0,0,0,0,0,0
"8",100,0,0,0.013,14,0.7,2e-04,0,0,0,0,0,0,0,0,0
"9",100,0,0,0.013,14,0.8,2e-04,0,0,0,0,0,0,0,0,0
"10",100,0,0,0.013,14,0.9,2e-04,0,0,0,0,0,0,0,0,0
"11",100,0,0,0.013,14,1,2e-04,0,0,0,0,0,0,0,0,0
"12",100,0,0,0.013,14,1.1,2e-04,0,0,0,0,0,0,0,0,0
"13",100,0,0,0.013,14,1.2,2e-04,0,0,0,0,0,0,0,0,0
"14",100,0,0,0.013,14,1.3,2e-04,0,0,0,0,0,0,0,0,0
"15",100,0,0,0.013,14,1.4,2e-04,0,0,0,0,0,0,0,0,0
"16",100,0,0,0.013,14,1.5,2e-04,0,0,0,0,0,0,0,0,0
"17",100,0,0,0.013,14,1.6,2e-04,0,0,0,0,0,0,0,0,0
"18",100,0,0,0.013,14,1.7,2e-04,0,0,0,0,0,0,0,0,0
"19",100,0,0,0.013,14,1.8,2e-04,0,0,0,0,0,0,0,0,0
"20",100,0,0,0.013,14,1.9,2e-04,0,0,0,0,0,0,0,0,0
"21",100,0,0,0.013,14,2,2e-04,0,0,0,0,0,0,0,0,0
"22",100,0,0,0.013,14,2.1,2e-04,0,0,0,0,0,0,0,0,0
"23",100,0,0,0.013,14,2.2,2e-04,0,0,0,0,0,0,0,0,0
"24",100,0,0,0.013,14,2.3,2e-04,0,0,0,0,0,0,0,0,0
"25",100,0,0,0.013,14,2.4,2e-04,0,0,0,0,0,0,0,0,0
"26",100,0,0,0.013,14,2.5,2e-04,0,0,0,0,0,0,0,0,0
"27",100,0,0,0.013,14,2.6,2e-04,0,0,0,0,0,0,0,0,0
"28",100,0,0,0.013,14,2.7,2e-04,0,0,0,0,0,0,0,0,0
"29",100,0,0,0.013,14,2.8,2e-04,0,0,0,0,0,0,0,0,0
"30",100,0,0,0.013,14,2.9,2e-04,0,0,0,0,0,0,0,0,0
"31",100,0,0,0.013,14,3,2e-04,0,0,0,0,0,0,0,0,0
"32",100,0,0,0.013,14,3.1,2e-04,0,0,0,0,0,0,0,0,0
"33",100,0,0,0.013,14,3.2,2e-04,0,0,0,0,0,0,0,0,0
"34",100,0,0,0.013,14,3.3,2e-04,0,0,0,0,0,0,0,0,0
"35",100,0,0,0.013,14,3.4,2e-04,0,0,0,0,0,0,0,0,0
"36",100,0,0,0.013,14,3.5,2e-04,0,0,0,0,0,0,0,0,0
"37",100,0,0,0.013,14,3.6,2e-04,0,0,0,0,0,0,0,0,0
"38",100,0,0,0.013,14,3.7,2e-04,0,0,0,0,0,0,0,0,0
"39",100,0,0,0.013,14,3.8,2e-04,0,0,0,0,0,0,0,0,0
"40",100,0,0,0.013,14,3.9,2e-04,0,0,0,0,0,0,0,0,0
"41",100,0,0,0.013,14,4,2e-04,0,0,0,0,0,0,0,0,0
"42",100,0,0,0.013,14,4.1,2e-04,0,0,0,0,0,0,0,0,0
"43",100,0,0,0.013,14,4.2,2e-04,0,0,0,0,0,0,0,0,0
"44",100,0,0,0.013,14,4.3,2e-04,0,0,0,0,0,0,0,0,0
"45",100,0,0,0.013,14,4.4,2e-04,0,0,0,0,0,0,0,0,0
"46",100,0,0,0.013,14,4.5,2e-04,0,0,0,0,0,0,0,0,0
"47",100,0,0,0.013,14,4.6,2e-04,0,0,0,0,0,0,0,0,0
"48",100,0,0,0.013,14,4.7,2e-04,0,0,0,0,0,0,0,0,0
"49",100,0,0,0.013,14,4.8,2e-04,0,0,0,0,0,0,0,0,0
"50",100,0,0,0.013,14,4.9,2e-04,0,0,0,0,0,0,0,0,0
"51",100,0,0,0.013,14,5,2e-04,0,0,0,0,0,0,0,0,0
"52",100,0,0,0.013,14,5.1,2e-04,0,0,0,0,0,0,0,0,0
"53",100,0,0,0.013,14,5.2,2e-04,0,0,0,0,0,0,0,0,0
"54",100,0,0,0.013,14,5.3,2e-04,0,0,0,0,0,0,0,0,0
"55",100,0,0,0.013,14,5.4,2e-04,0,0,0,0,0,0,0,0,0
"56",100,0,0,0.013,14,5.5,2e-04,0,0,0,0,0,0,0,0,0
"57",100,0,0,0.013,14,5.6,2e-04,0,0,0,0,0,0,0,0,0
"58",100,0,0,0.013,14,5.7,2e-04,0,0,0,0,0,0,0,0,0
"59",100,0,0,0.013,14,5.8,2e-04,0,0,0,0,0,0,0,0,0
"60",100,0,0,0.013,14,5.9,2e-04,0,0,0,0,0,0,0,0,0
"61",100,0,0,0.013,14,6,2e-04,0,0,0,0,0,0,0,0,0
"62",100,0,0,0.013,14,6.1,2e-04,0,0,0,0,0,0,0,0,0
"63",100,0,0,0.013,14,6.2,2e-04,0,0,0,0,0,0,0,0,0
"64",100,0,0,0.013,14,6.3,2e-04,0,0,0,0,0,0,0,0,0
"65",100,0,0,0.013,14,6.4,2e-04,0,0,0,0,0,0,0,0,0
"66",100,0,0,0.013,14,6.5,2e-04,0,0,0,0,0,0,0,0,0
"67",100,0,0,0.013,14,6.6,2e-04,0,0,0,0,0,0,0,0,0
"68",100,0,0,0.013,14,6.7,2e-04,0,0,0,0,0,0,0,0,0
"69",100,0,0,0.013,14,6.8,2e-04,0,0,0,0,0,0,0,0,0
"70",100,0,0,0.013,14,6.9,2e-04,0,0,0,0,0,0,0,0,0
"71",100,0,0,0.013,14,7,2e-04,0,0,0,0,0,0,0,0,0
"72",100,0,0,0.013,14,7.1,2e-04,0,0,0,0,0,0,0,0,0
"73",100,0,0,0.013,14,7.2,2e-04,0,0,0,0,0,0,0,0,0
"74",100,0,0,0.013,14,7.3,2e-04,0,0,0,0,0,0,0,0,0
"75",100,0,0,0.013,14,7.4,2e-04,0,0,0,0,0,0,0,0,0
"76",100,0,0,0.013,14,7.5,2e-04,0,0,0,0,0,0,0,0,0
"77",100,0,0,0.013,14,7.6,2e-04,0,0,0,0,0,0,0,0,0
"78",100,0,0,0.013,14,7.7,2e-04,0,0,0,0,0,0,0,0,0
"79",100,0,0,0.013,14,7.8,2e-04,0,0,0,0,0,0,0,0,0
"80",100,0,0,0.013,14,7.9,2e-04,0,0,0,0,0,0,0,0,0
"81",100,0,0,0.013,14,8,2e-04,0,0,0,0,0,0,0,0,0
"82",100,0,0,0.013,14,8.1,2e-04,0,0,0,0,0,0,0,0,0
"83",100,0,0,0.013,14,8.2,2e-04,0,0,0,0,0,0,0,0,0
"84",100,0,0,0.013,14,8.3,2e-04,0,0,0,0,0,0,0,0,0
"85",100,0,0,0.013,14,8.4,2e-04,0,0,0,0,0,0,0,0,0
"86",100,0,0,0.013,14,8.5,2e-04,0,0,0,0,0,0,0,0,0
"87",100,0,0,0.013,14,8.6,2e-04,0,0,0,0,0,0,0,0,0
"88",100,0,0,0.013,14,8.7,2e-04,0,0,0,0,0,0,0,0,0
"89",100,0,0,0.013,14,8.8,2e-04,0,0,0,0,0,0,0,0,0
"90",100,0,0,0.013,14,8.9,2e-04,0,0,0,0,0,0,0,0,0
"91",100,0,0,0.013,14,9,2e-04,0,0,0,0,0,0,0,0,0
"92",100,0,0,0.013,14,9.1,2e-04,0,0,0,0,0,0,0,0,0
"93",100,0,0,0.013,14,9.2,2e-04,0,0,0,0,0,0,0,0,0
"94",100,0,0,0.013,14,9.3,2e-04,0,0,0,0,0,0,0.000928319474110066,0.00274779220951296,0
"95",100,0,0,0.013,14,9.4,2e-04,0,0,0,0.000185663894822013,0.000549558441902591,0,0.00274372039308703,0.00812131354718569,0
"96",100,3.78829108584009e-05,0.00169417527729899,0.013,14,9.5,2e-04,3.71327789644026e-05,0.000109911688380518,0,0.000548744078617406,0.00162426270943714,0,0.00270248236384354,0.00799925046583154,0
"97",100,0.000111965888867445,0.00500726677337588,0.013,14,9.6,2e-04,0.000109748815723481,0.000324852541887428,0,0.000726160367590721,0.0021494085350689,0,0.00141969806214535,0.00320136086610519,0
"98",100,0.000186048866876476,0.00832035826945218,0.013,14,9.7,2e-04,0.000182364852482547,0.000539793395394298,0,0.000832683691046477,0.00226453488265818,0,0.00228840625448274,0.00290109021519937,0
"99",100,0.000281866892352253,0.0116735026624849,0.013,14,9.8,2e-04,0.000276285553932777,0.000777759518419063,0,0.00118384161848727,0.00272962657810877,0,0.00364610513740921,0.00513731479124915,0
"100",100,0.000427600227988507,0.0155170329204506,0.013,14,9.9,2e-04,0.000419133176180001,0.00108571871101605,0,0.00156190471852832,0.00329199784090801,0,0.00620195924143589,0.00829180653399526,0
"101",100,0.000600558349719594,0.0197282564884928,0.013,14,10,2e-04,0.00058866649763844,0.00143615908660066,0,0.00242423346677445,0.00438798788490783,0,0.0098326589111213,0.0126952909580889,0
"102",100,0.000922241474256707,0.0246596381410546,0.013,14,10.1,2e-04,0.00090397986953489,0.00196331628799762,0,0.00352843650075258,0.00583105603252578,0,0.0121244679912092,0.0158166253421441,0.0068507921602837
"103",100,0.00132050147897301,0.0304485080422818,0.013,14,10.2,2e-04,0.00129435379778896,0.00260237029310582,0,0.00484912706501629,0.00755131295333666,0.00137015843205674,0.0154960062849720,0.0196875872188222,0.0170919427578211
"104",100,0.00191165866019463,0.0372401413758141,0.013,14,10.3,2e-04,0.00187380528253815,0.00347357887866495,0.000274031686411348,0.00662763775774699,0.00976857347629021,0.00341838855156422,0.0165511349729473,0.0209793831609861,0.0160068005081045
"105",100,0.00267280646330609,0.0450716885340822,0.013,14,10.4,2e-04,0.00261988134933835,0.00455608498836386,0.000683677710312844,0.00815935405960576,0.0117471895855339,0.00457151853367764,0.0165181689550781,0.0208307251366525,0.0125471802117014
"106",100,0.00357649544926714,0.0539439427814902,0.013,14,10.5,2e-04,0.0035056760944593,0.00582301679577172,0.00118833539314688,0.0099312715487626,0.0139347185036207,0.00592782459390451,0.0231165149160082,0.0273051338493718,0.0189278959826447
"107",100,0.00469918577174954,0.063710442286544,0.013,14,10.6,2e-04,0.00460613565909088,0.007343028689088,0.00186924262909375,0.0127826570428074,0.0172082163554082,0.00835709773020657,0.030113919781754,0.0345979227648561,0.0256299167986519
"108",100,0.00618467221810205,0.0745479151019889,0.013,14,10.7,2e-04,0.00606220750302078,0.00926466006685337,0.00285975493918819,0.0159540555051134,0.0208543030565919,0.0110538079536349,0.0306472814915963,0.0354580562181265,0.0258365067650661
"109",100,0.00795445553278512,0.0865244094673204,0.013,14,10.8,2e-04,0.00779694676011356,0.0115138893004064,0.00408000421982072,0.0189121133411267,0.0242998275990335,0.0135243990832198,0.0321591963324909,0.0369813334896396,0.0273370591753421
"110",100,0.0100435048927731,0.0996313695536322,0.013,14,10.9,2e-04,0.00984463017124611,0.0141246255866601,0.00556463475583215,0.0223858947716116,0.0282505697545198,0.0165212197887033,0.0460255755941764,0.0508984276483464,0.0411527235400062
"111",100,0.0125220795015243,0.113828438739397,0.013,14,11,2e-04,0.0122741257144359,0.0171640032513104,0.00738424817756138,0.0281172284599619,0.0344795131287028,0.0217549437912210,0.0672501730736667,0.0726651121367252,0.0618352340106083
"112",100,0.0157805517233114,0.129252108527037,0.013,14,11.1,2e-04,0.0154680758632385,0.0210205282124006,0.00991562351407636,0.0358359293863449,0.0427835921818649,0.0288882665908250,0.0723548804285324,0.0785304338749723,0.0661793269820928
"113",100,0.019834052137735,0.146174508878704,0.013,14,11.2,2e-04,0.0194413115917049,0.0257207216876833,0.0131619014957264,0.0425882045456684,0.0501855999036973,0.0349908091876396,0.071616094171527,0.0780688619377502,0.0651633264053038
"114",100,0.0244702603926763,0.164623123263865,0.013,14,11.3,2e-04,0.0239857167723722,0.0310576481931401,0.0169137853516043,0.0501591482206503,0.0583973645694149,0.0419209318718857,0.089534402615568,0.0959887548933612,0.0830800503377742
"115",100,0.0300685381835966,0.184528978818114,0.013,14,11.4,2e-04,0.0294731412358349,0.0374001946015663,0.0215460878701035,0.060495085068782,0.0693833508823695,0.0516068192551944,0.11181313665595,0.118509160774661,0.105117112537239
"116",100,0.0368136937631171,0.20600401319544,0.013,14,11.5,2e-04,0.0360847337861286,0.044934318369614,0.0272351492026432,0.0725217755518403,0.0820991967243472,0.0629443543793335,0.133266428038098,0.140347836383481,0.126185019692716
"117",100,0.0448659007034181,0.229118353132503,0.013,14,11.6,2e-04,0.043977496346203,0.0538200339464358,0.0341349587459702,0.0871483706764017,0.0974529181590657,0.0768438231937376,0.141010043392003,0.148459108645962,0.133560978138044
"118",100,0.0545954706721598,0.253978652356541,0.013,14,11.7,2e-04,0.0535144079214089,0.0644249020014271,0.0426039138413907,0.100723784230241,0.111791018453540,0.0896565500069422,0.125440688196614,0.132961136054320,0.117920240338908
"119",100,0.0654176086322696,0.280643814999449,0.013,14,11.8,2e-04,0.0641222531922512,0.0761782376371437,0.0520662687473587,0.112236508315725,0.124045145369930,0.100427871261519,0.125739111080678,0.132820687990135,0.118657534171222
"120",100,0.077496237908885,0.308955845931803,0.013,14,11.9,2e-04,0.0759617095845538,0.0892339310754131,0.0626894880936945,0.125871606446377,0.138355156051567,0.113388056841187,0.154478915445411,0.160950980521729,0.148006850369091
"121",100,0.0911004849458523,0.338763183051879,0.013,14,12,2e-04,0.0892965744815265,0.103849268847457,0.074743880115596,0.143132291404807,0.156235341474276,0.130029241335338,0.174435696336308,0.180630936588523,0.168240456084093
"122",100,0.106700989007342,0.369959407713644,0.013,14,12.1,2e-04,0.104588167865515,0.120480999370268,0.088695336360762,0.160758745713638,0.174481343369271,0.147036148058005,0.169757041004946,0.175915570232834,0.163598511777058
"123",100,0.123901742505467,0.402651157947382,0.013,14,12.2,2e-04,0.121448323624254,0.138745537521311,0.104151109727197,0.177083699605796,0.191418455520842,0.162748943690749,0.164947055492680,0.170844148665763,0.159049962319599
"124",100,0.142833194534288,0.436697393408192,0.013,14,12.3,2e-04,0.140004907786674,0.158764690474437,0.121245125098912,0.193748156812174,0.208650173102424,0.178846140521925,0.176302182762568,0.181671046253512,0.170933319271624
"125",100,0.163434168346966,0.472030124418283,0.013,14,12.4,2e-04,0.160197954986689,0.180475572141796,0.139920337831582,0.212344136158309,0.227752664771545,0.196935607545074,0.203265914888337,0.207964055638797,0.198567774137876
"126",100,0.186159948985394,0.508434517378662,0.013,14,12.5,2e-04,0.182473735018336,0.204315223428746,0.160632246607927,0.234401339789842,0.250242984230183,0.2185596953495,0.225460451914759,0.229664497970561,0.221256405858955
"127",100,0.211261480538499,0.5457836955501,0.013,14,12.6,2e-04,0.207078222944657,0.230524168987833,0.183632276901482,0.257436226541261,0.273685564365657,0.241186888716865,0.231124867571524,0.235096682960685,0.227153052182360
"128",100,0.238687305643159,0.584086177002117,0.013,14,12.7,2e-04,0.233960980326588,0.259052336301877,0.208869624351300,0.280626313304146,0.29726232082232,0.263990305785972,0.226874936435388,0.230655244727252,0.223094628143526
"129",100,0.268520548714430,0.623235564165239,0.013,14,12.8,2e-04,0.263203485605487,0.289976633152297,0.236430338058676,0.302811213828339,0.319816613311107,0.28580581434557,0.221737193173681,0.225225704319705,0.218248682027661
"130",100,0.300472986867719,0.663257815091874,0.013,14,12.9,2e-04,0.294523223092256,0.323015658964099,0.266030787220414,0.324973751938883,0.342307461686261,0.307640042191504,0.222070158722769,0.225142525701012,0.218997791744525
"131",100,0.334828280154745,0.703935708625997,0.013,14,13,2e-04,0.328198235993263,0.358438125489549,0.297958346496977,0.347225245572892,0.36484511845131,0.329605372694475,0.228849614582596,0.231342565162879,0.226356664002312
"132",100,0.371320919032636,0.745290242505951,0.013,14,13.1,2e-04,0.363968272206835,0.395984682654361,0.331951861759309,0.370743674855402,0.388575974718837,0.352911374991967,0.241356285564710,0.243161427342550,0.239551143786872
"133",100,0.410474918933529,0.786957127354,0.013,14,13.2,2e-04,0.402346970964344,0.436153320433316,0.368540621495371,0.395496502685835,0.41347740391982,0.377515601451849,0.248483707180686,0.249747244255971,0.2472201701054
"134",100,0.452018131435833,0.829003501136966,0.013,14,13.3,2e-04,0.443067572744002,0.478680163438325,0.407454982049679,0.420440416291539,0.438525423570031,0.402355409013047,0.248407044738579,0.249259227322449,0.247554862154707
"135",100,0.496261694153937,0.871155070045922,0.013,14,13.4,2e-04,0.486435054222651,0.523858405147323,0.44901170329798,0.44517791163355,0.46332924938431,0.427026573882791,0.228279102098382,0.229186686792655,0.227371517404108
"136",100,0.542852351835605,0.9135102570473,0.013,14,13.5,2e-04,0.532103155070712,0.571346013315187,0.492860296826237,0.466096236711215,0.484362760928562,0.447829712493868,0.205994622675090,0.206945883401004,0.205043361949175
"137",100,0.591364095208779,0.95619809687743,0.013,14,13.6,2e-04,0.579654301564894,0.620730957333035,0.538577645796754,0.486376836168568,0.50471842606451,0.468035246272626,0.219558437614725,0.219610435264436,0.219506439965014
"138",100,0.642092811839034,0.998902765391707,0.013,14,13.7,2e-04,0.629378522304425,0.672289698528089,0.586467346080762,0.51000792423416,0.52828484798145,0.491731000486871,0.248446064818963,0.247255449845832,0.249636679792099
"139",100,0.69542624875437,1.04128954055570,0.013,14,13.8,2e-04,0.681655886411726,0.726387926929325,0.636923845894128,0.536066049132361,0.554169516033677,0.517962582231046,0.257988379944216,0.256103863317245,0.259872896571187
"140",100,0.751471872172571,1.08318665011510,0.013,14,13.9,2e-04,0.736591732130897,0.783123601734824,0.690059862526971,0.561605600223004,0.579505620644898,0.543705579801109,0.244252470580897,0.242319928303011,0.246185012858777
"141",100,0.810016405937177,1.12462624429368,0.013,14,14,2e-04,0.793977006456327,0.842289051058305,0.74566496185435,0.58491654324854,0.602633501694279,0.567199584802801,0.225003079197819,0.223184763832818,0.226821394562821
"142",100,0.870818400417767,1.1656710765197,0.013,14,14.1,2e-04,0.853575040780606,0.90365030207368,0.803499779487531,0.606606216062567,0.624142573411462,0.589069858713673,0.2212769597737,0.219072946617022,0.223480972930384
"143",100,0.933788500836295,1.20626985042279,0.013,14,14.2,2e-04,0.91529824966884,0.967117565740597,0.863478933597084,0.62917193520328,0.646448091017683,0.611895779388878,0.222138513812381,0.219425142490054,0.224851885134705
"144",100,0.99919481069809,1.24610326848944,0.013,14,14.3,2e-04,0.979409427821262,1.03293992027722,0.925878935365307,0.651033918825044,0.668027601909473,0.634040235740614,0.211186145237491,0.208372985620706,0.213999304854265
"145",100,1.06662563611393,1.28538694075258,0.013,14,14.4,2e-04,1.04550503343385,1.10072308612249,0.990286980745207,0.671409164250779,0.688122688141825,0.654695640359731,0.206181039228576,0.203050857726592,0.209311220730571
"146",100,1.13618931651307,1.32391602825714,0.013,14,14.5,2e-04,1.11369126067142,1.17056445790558,1.05681806343725,0.692270126670759,0.708637773454791,0.675902479886728,0.197437532379899,0.194179611255579,0.200695453504238
"147",100,1.20787661829193,1.36158940861459,0.013,14,14.6,2e-04,1.183959058768,1.24245064081345,1.12546747672255,0.710896670726758,0.72695861039294,0.694834731060578,0.163211817387787,0.160828706339694,0.165594928435867
"148",100,1.28124086373227,1.39869522268647,0.013,14,14.7,2e-04,1.25587059481677,1.31595617998417,1.19578500964937,0.724912490148316,0.74080351472273,0.709021465573901,0.145503416886122,0.143350138486487,0.147656695285742
"149",100,1.35578795706222,1.43557287767428,0.013,14,14.8,2e-04,1.32894155679766,1.39061134375800,1.26727176983733,0.739997354103983,0.755628638090238,0.724366070117727,0.158895319212071,0.155785444010126,0.162005194414017
"150",100,1.43223012218689,1.47146942360378,0.013,14,14.9,2e-04,1.40387006563757,1.46708190760222,1.34065822367291,0.75669155399073,0.771960603524755,0.741422504456705,0.162075321332622,0.158450399075188,0.165700243590061
"151",100,1.51018350453587,1.50666063217880,0.013,14,15,2e-04,1.48027986759581,1.54500346446295,1.41555627072867,0.772412418370507,0.787318717905275,0.757506118835739,0.154726657862825,0.151019475701847,0.158433840023814
"152",100,1.58983335904187,1.54086833147536,0.013,14,15.1,2e-04,1.55835254931167,1.62454565118327,1.49215944744006,0.787636885563295,0.802164498665124,0.773109272461467,0.147122035857494,0.143376106872306,0.150867964842683
"153",100,1.67089314575711,1.57429649853828,0.013,14,15.2,2e-04,1.63780724470847,1.70543636419597,1.57017812522097,0.801836825542006,0.815993939279737,0.787679711804276,0.152999103666263,0.148584623681269,0.157413583651250
"154",100,1.75344035982202,1.60677927266642,0.013,14,15.3,2e-04,1.71871991442007,1.78774443903922,1.64969538980092,0.818236706296548,0.831881423401378,0.804591989191717,0.161804325762466,0.15660616129764,0.167002490227286
"155",100,1.83784638260167,1.6378218867866,0.013,14,15.4,2e-04,1.80145458596778,1.87181264887625,1.73109652305931,0.8341976906945,0.847315171539265,0.821080209849733,0.148631402052479,0.143703839451953,0.153558964653
"156",100,1.92365028020078,1.66785001946913,0.013,14,15.5,2e-04,1.88555945255897,1.95720747334707,1.81391143177086,0.847962986707044,0.860622191291769,0.835303782122317,0.135937300509958,0.131260431695907,0.140614169324016
"157",100,2.01086497766800,1.69675904759259,0.013,14,15.6,2e-04,1.97104718330919,2.0439370871346,1.89815727948377,0.861385150796491,0.873567257878446,0.849203043714536,0.135609345665094,0.130585034711062,0.140633656619127
"158",100,2.09940753722512,1.72456596866165,0.013,14,15.7,2e-04,2.05783648271827,2.13192092492276,1.98375204051377,0.875084855840063,0.886739198233981,0.863430513446143,0.135673942663223,0.130293470131876,0.141054415194575
"159",100,2.18941752618103,1.75101789514983,0.013,14,15.8,2e-04,2.1460641544772,2.22128492678140,2.07084338217300,0.888519939329135,0.899625951904821,0.87741392675345,0.124533346070088,0.119418359356482,0.129648332783699
"160",100,2.28070138377394,1.77627196999101,0.013,14,15.9,2e-04,2.23554047058409,2.31184611530373,2.15923482586446,0.89999152505408,0.910622870105278,0.889360180002883,0.106969984167005,0.10250156106274,0.111438407271264
"161",100,2.37305203815561,1.80051399805842,0.013,14,16,2e-04,2.32606245948802,2.40340950080245,2.24871541817358,0.909913936162536,0.92012626411737,0.899701608207704,0.0939282495582616,0.0899055829988171,0.0979509161177172
"162",100,2.46636046717034,1.82381726486710,0.013,14,16.1,2e-04,2.4175232578166,2.4958713681272,2.339175147506,0.918777174965733,0.928603986705041,0.908950363226426,0.0839661669142178,0.0802619367173407,0.0876703971110948
"163",100,2.56051957917281,1.84626445416437,0.013,14,16.2,2e-04,2.50981789448116,2.58913029814346,2.43050549081886,0.92670716954538,0.936178651460837,0.917235687629923,0.0722427570216122,0.0690097280059976,0.0754757860372046
"164",100,2.65544604640686,1.8679134202761,0.013,14,16.3,2e-04,2.60286469172568,2.68310709841937,2.52262228503199,0.933225726370055,0.94240593230624,0.924045520433867,0.0626205843466843,0.0597645000343427,0.0654766686590258
"165",100,2.75093520649085,1.88900452285289,0.013,14,16.4,2e-04,2.69646303975517,2.77761148460471,2.61531459490564,0.939231286414717,0.948131551467706,0.930331021361728,0.0615785558226167,0.0585883097438122,0.0645688019014434
"166",100,2.84708704980593,1.90935017478412,0.013,14,16.5,2e-04,2.79071094900862,2.87273340871291,2.70868848930433,0.945541437534578,0.954123594255003,0.936959280814156,0.0639036799915393,0.0605695435130005,0.0672378164700782
"167",100,2.94386373481557,1.92896026788478,0.013,14,16.6,2e-04,2.88557132726209,2.96843620345571,2.80270645106847,0.952012022413025,0.960245460170306,0.943778584655743,0.0612823862370382,0.0579374489495632,0.0646273235245132
"168",100,3.04133583800340,1.94768239714764,0.013,14,16.7,2e-04,2.98111335349122,3.06478250074697,2.89744420623548,0.957797914781986,0.965711084044916,0.949884745519058,0.0482972109307589,0.0456722630686524,0.0509221587928654
"169",100,3.13929307804265,1.9658014237578,0.013,14,16.8,2e-04,3.07713091021849,3.16157842026469,2.99268340017228,0.961671464599176,0.969379912784036,0.953963016414316,0.0370411088895239,0.0350452931129897,0.0390369246660249
"170",100,3.23755554137332,1.98357043791632,0.013,14,16.9,2e-04,3.17344764641106,3.25865848330378,3.08823680951834,0.96520613655989,0.972720142667514,0.957692130452263,0.0344595084900590,0.0325300498267844,0.0363889671533446
"171",100,3.33623399682674,2.00078420512437,0.013,14,17,2e-04,3.27017213753046,3.35612244879820,3.18422182626273,0.968563366297188,0.975885922749393,0.961240809844985,0.0306879009546290,0.0289312056165669,0.0324445962927244
"172",100,3.43518147021276,2.01766189162860,0.013,14,17.1,2e-04,3.3671603196705,3.45383566785366,3.28048497148734,0.971343716750817,0.978506383790827,0.964181049710808,0.0270241119932124,0.0254404269536046,0.0286077970327980
"173",100,3.53442722911789,2.03413126546387,0.013,14,17.2,2e-04,3.46444088088063,3.55182372555636,3.37705803620490,0.97396818869583,0.980974008140114,0.966962369251545,0.0262325116987649,0.0246211664350460,0.0278438569624728
"174",100,3.63391020046295,2.05027872030864,0.013,14,17.3,2e-04,3.56195395740966,3.65003046948168,3.47387744533765,0.97659021909057,0.983430617077836,0.969749821103303,0.0246808859714953,0.0231109915311500,0.0262507804118406
"175",100,3.73369095915254,2.06597794536026,0.013,14,17.4,2e-04,3.65975892469874,3.74850984897193,3.57100800042556,0.97890436589013,0.985596206446344,0.972212525333913,0.0206209748149555,0.0192993239079398,0.0219426257219490
"176",100,3.83364610963078,2.0814337648701,0.013,14,17.5,2e-04,3.75773483058769,3.84714971077095,3.66831995040443,0.98071441405356,0.987290481859424,0.974138346247693,0.0174207173252450,0.0162910725974519,0.0185503620530825
"177",100,3.93379619103274,2.09659398945303,0.013,14,17.6,2e-04,3.85590180750945,3.94596794534381,3.76583566967509,0.982388509355179,0.988854420965835,0.97592259774453,0.0129810643147654,0.0121690474254588,0.0137930812040943
"178",100,4.03409292436498,2.11153695735774,0.013,14,17.7,2e-04,3.95421253245873,4.04492059496411,3.86350446995334,0.983310626916514,0.989724291344516,0.976896962488512,0.00944406070976234,0.00888234576292835,0.0100057756565408
"179",100,4.13443115488129,2.12645393596222,0.013,14,17.8,2e-04,4.05256393289276,4.14391280361272,3.9612150621728,0.984277321497131,0.99063089011842,0.977923752875838,0.0098490170273191,0.00922095557293057,0.0104770784817076
"180",100,4.23492513283485,2.14111711723419,0.013,14,17.9,2e-04,4.15106799675815,4.2430467729878,4.05908922052851,0.985280430321978,0.991568482459102,0.978992378184853,0.00713277411686919,0.00671544520571832,0.00755010302802006
"181",100,4.33546803794461,2.15572907228549,0.013,14,18,2e-04,4.24962001895715,4.34222650010454,4.15701353780977,0.985703876320505,0.991973979159564,0.979433773481442,0.0053911707611265,0.00509833598056897,0.00568400554170623
"182",100,4.4360484159332,2.17030868743298,0.013,14,18.1,2e-04,4.34820877202225,4.44144156881971,4.25497597522479,0.986358664474203,0.992588149655216,0.980129179293194,0.00820960460425901,0.00764257779959365,0.00877663140894658
"183",100,4.53672492419333,2.18473153980980,0.013,14,18.2,2e-04,4.44689175185199,4.54074413003558,4.35303937366841,0.987345797241357,0.993502494719483,0.981189099763231,0.0107457968447244,0.00992163040216543,0.0115699632872834
"184",100,4.63750671701628,2.19897227896225,0.013,14,18.3,2e-04,4.54567793147052,4.64014206776361,4.45121379517744,0.988507823843148,0.994572475735649,0.982443171950651,0.012729820720625,0.011688485389727,0.0137711560515230
"185",100,4.73842032549567,2.21296659687268,0.013,14,18.4,2e-04,4.64459331662062,4.73965862518271,4.54952800805854,0.989891761385482,0.995840191797428,0.983943330973536,0.0160154830140868,0.0146252374358946,0.0174057285922569
"186",100,4.83948449730566,2.22666624641384,0.013,14,18.5,2e-04,4.74365628374762,4.83931010612309,4.64800246137215,0.991710920445965,0.997497523222828,0.985924317669102,0.0164410269891446,0.0149697535841709,0.0179123003941406
"187",100,4.9407692874873,2.23990714721278,0.013,14,18.6,2e-04,4.84293550070982,4.93915812982728,4.74671287159236,0.99317996678331,0.998834142514262,0.987525791052364,0.0103991123690639,0.00947341907584498,0.0113248056622828
"188",100,5.04213320390568,2.25299025927339,0.013,14,18.7,2e-04,4.94229227710428,5.03907693462595,4.84550761958262,0.993790742919778,0.999392207037997,0.988189278801559,0.00443810969990022,0.00406778656698581,0.00480843283279242
"189",100,5.14354261701389,2.26598575185772,0.013,14,18.8,2e-04,5.04169364929377,5.13903657123487,4.94435072735267,0.99406758872329,0.99964769982766,0.988487477618922,0.00330639748096218,0.00303270652943777,0.00358008843246438
"190",100,5.24496302112421,2.27896945119438,0.013,14,18.9,2e-04,5.14110579484894,5.23900647459148,5.0432051151064,0.99445202241597,0.999998748343884,0.988905296488052,0.00386324779984015,0.00352359566953009,0.00420289993015022
"191",100,5.34645087418611,2.29180951319852,0.013,14,19,2e-04,5.24058405377697,5.33903632090365,5.14213178665028,0.994840238283259,1.00035241896157,0.989328057604952,0.00293802800694909,0.00268370685403418,0.0031923491598862
"192",100,5.44795048996603,2.30463238102972,0.013,14,19.1,2e-04,5.34007384250559,5.43907695838379,5.2410707266274,0.99503962801736,1.00053548971469,0.98954376632003,0.00299649606698704,0.00272474568263625,0.00326824645136004
"193",100,5.54947902656272,2.31739646713826,0.013,14,19.2,2e-04,5.43959197938044,5.53914341884659,5.34004053991428,0.995439537496656,1.00089736809809,0.989981706895224,0.00569456460515205,0.00512794894562685,0.00626118026469946
"194",100,5.65106023997997,2.33004227449148,0.013,14,19.3,2e-04,5.53916175000492,5.63925643200341,5.43906706800644,0.99617854093839,1.00156107950382,0.990796002372969,0.00685087295255737,0.00614827597562595,0.00755346992944439
"195",100,5.75273956303696,2.34245582524023,0.013,14,19.4,2e-04,5.63882768756812,5.73945563474735,5.53819974038888,0.996809712087168,1.00212702329322,0.991492400881113,0.00390753802022026,0.0035081882943544,0.00430688774604171
"196",100,5.85444956078458,2.3547979551118,0.013,14,19.5,2e-04,5.73852369242236,5.83968183666205,5.63736554818266,0.996960048542435,1.00226271716269,0.991657379922177,0.00114463551776911,0.00103459822651253,0.00125467280902569
"197",100,5.95615955853219,2.36714333471853,0.013,14,19.6,2e-04,5.8382196972766,5.93990817817989,5.73653121637331,0.997038639190722,1.00233394293852,0.991743335442918,0.00126568278990824,0.00113770069885000,0.00139366488101089
"198",100,6.05788559193674,2.37945117612675,0.013,14,19.7,2e-04,5.9379314202605,6.04014862524976,5.83571421527125,0.997213185100416,1.00249025730246,0.99193611289838,0.00135250585571178,0.00121273380548903,0.00149227790597894
"199",100,6.15963120407855,2.39171167555500,0.013,14,19.8,2e-04,6.03766233429669,6.14040622964038,5.93491843895299,0.997309140361864,1.00257648969962,0.992041791024114,0.000479776307260593,0.000435585982772047,0.000523966631704731
"200",100,6.26137681622036,2.40397425045284,0.013,14,19.9,2e-04,6.13739324833287,6.24066392318968,6.03412257347607,0.997309140361868,1.00257737449901,0.99204090622472,0,8.78080095301215e-06,-8.78080099742107e-06
"201",100,6.36312242836217,2.41623886922081,0.013,14,20,2e-04,6.23712416236906,6.34092170454018,6.13332662019793,0.997309140361864,1.00257824585981,0.992040034863915,0.00029265861674066,0.000266844558960422,0.000318472674520898
"202",100,6.46486804050398,2.42850550089261,0.013,14,20.1,2e-04,6.33685507640525,6.44117957236164,6.23253058044885,0.997367672085216,1.00263074341080,0.992104600759625,0.00114328944067488,0.00101648011698874,0.00127009876438322
"203",100,6.56662559547431,2.44074202650638,0.013,14,20.2,2e-04,6.4365976967861,6.54144785322235,6.33174754034986,0.997537798249999,1.00278154188321,0.992294054616791,0.00166401672065941,0.00147339874767560,0.00185463469368763
"204",100,6.66840592020438,2.45291867469569,0.013,14,20.3,2e-04,6.53636263605525,6.64173588073828,6.43098939137221,0.997700475429348,1.00292542316034,0.992475527698362,0.00165549462967096,0.00146165527012965,0.00184933398923448
"205",100,6.77019666786998,2.46506769266994,0.013,14,20.4,2e-04,6.63613779187197,6.74203293785441,6.53024264588953,0.997868897175933,1.00307387293723,0.992663921414638,0.00142880377642651,0.00125875776424422,0.00159884978858660
"206",100,6.87201135741836,2.47715135783009,0.013,14,20.5,2e-04,6.73593641549043,6.84235065532573,6.62952217565514,0.997986236184634,1.00317717471319,0.99279529765608,0.000586695043591767,0.000516508879844224,0.000656881207294902
"207",100,6.97382604696675,2.48923502299023,0.013,14,20.6,2e-04,6.8357350391089,6.94266837279705,6.72880170542075,0.997986236184651,1.00317717471320,0.992795297656097,-2.22044604925031e-14,-4.44089209850063e-14,2.22044604925031e-14
"208",100,7.07564073651513,2.50131868815038,0.013,14,20.7,2e-04,6.93553366272736,7.04298609026837,6.82808123518636,0.99798623618463,1.00317717471318,0.992795297656084,-1.11022302462516e-13,-8.88178419700125e-14,-1.11022302462516e-13
"209",100,7.17745542606351,2.51340235331053,0.013,14,20.8,2e-04,7.03533228634582,7.14330380773969,6.92736076495196,0.99798623618463,1.00317717471318,0.992795297656075,0,2.22044604925031e-14,-4.44089209850063e-14
"210",100,7.2792701156119,2.52548601847067,0.013,14,20.9,2e-04,7.13513090996429,7.243621525211,7.02664029471757,0.99798623618463,1.00317717471318,0.992795297656075,0,-2.22044604925031e-14,2.22044604925031e-14
"211",100,7.38108480516027,2.53756968363082,0.013,14,21,2e-04,7.23492953358275,7.34393924268232,7.12591982448318,0.99798623618463,1.00317717471318,0.99279529765608,8.88178419700125e-14,4.44089209850063e-14,8.88178419700125e-14
"212",100,7.48289949470866,2.54965334879097,0.013,14,21.1,2e-04,7.33472815720122,7.44425696015364,7.22519935424879,0.997986236184647,1.00317717471319,0.992795297656093,2.22044604925031e-14,4.44089209850063e-14,0
"213",100,7.58471418425704,2.56173701395111,0.013,14,21.2,2e-04,7.43452678081968,7.54457467762496,7.3244788840144,0.997986236184634,1.00317717471319,0.99279529765608,-6.66133814775094e-14,-2.22044604925031e-14,-4.44089209850063e-14
"214",100,7.68652887380542,2.57382067911126,0.013,14,21.3,2e-04,7.53432540443814,7.64489239509628,7.42375841378,0.997986236184634,1.00317717471319,0.992795297656084,-2.22044604925031e-14,-2.22044604925031e-14,2.22044604925031e-14
"215",100,7.7883435633538,2.58590434427141,0.013,14,21.4,2e-04,7.6341240280566,7.7452101125676,7.52303794354561,0.99798623618463,1.00317717471318,0.992795297656084,0,-2.22044604925031e-14,0
"216",100,7.89015825290219,2.59798800943155,0.013,14,21.5,2e-04,7.73392265167507,7.84552783003892,7.62231747331122,0.997986236184634,1.00317717471318,0.992795297656084,1.11022302462516e-13,8.88178419700125e-14,6.66133814775094e-14
"217",100,7.99197294245057,2.6100716745917,0.013,14,21.6,2e-04,7.83372127529353,7.94584554751024,7.72159700307683,0.997986236184651,1.00317717471320,0.992795297656097,-6.66133814775094e-14,-6.66133814775094e-14,-8.88178419700125e-14
"218",100,8.09378763199895,2.62215533975185,0.013,14,21.7,2e-04,7.933519898912,8.04616326498156,7.82087653284244,0.99798623618462,1.00317717471317,0.992795297656066,-1.11022302462516e-13,-1.33226762955019e-13,-6.66133814775094e-14
"219",100,8.19560232154733,2.63423900491199,0.013,14,21.8,2e-04,8.03331852253046,8.14648098245287,7.92015606260804,0.99798623618463,1.00317717471317,0.992795297656084,1.11022302462516e-13,1.55431223447522e-13,1.55431223447522e-13
"220",100,8.29741701109572,2.64632267007214,0.013,14,21.9,2e-04,8.13311714614892,8.24679869992419,8.01943559237366,0.997986236184643,1.00317717471320,0.992795297656097,-2.22044604925031e-14,0,-4.44089209850063e-14
"221",100,8.3992317006441,2.65840633523229,0.013,14,22,2e-04,8.23291576976739,8.34711641739551,8.11871512213926,0.997986236184625,1.00317717471317,0.992795297656075,0,-8.88178419700125e-14,-2.22044604925031e-14
"222",100,8.50104639019248,2.67049000039243,0.013,14,22.1,2e-04,8.33271439338585,8.44743413486683,8.21799465190487,0.997986236184643,1.00317717471318,0.992795297656093,4.44089209850063e-14,8.88178419700125e-14,0
"223",100,8.60286107974086,2.68257366555258,0.013,14,22.2,2e-04,8.43251301700431,8.54775185233815,8.31727418167048,0.997986236184634,1.00317717471319,0.992795297656075,-4.44089209850063e-14,0,-8.88178419700125e-14
"224",100,8.70467576928924,2.69465733071273,0.013,14,22.3,2e-04,8.53231164062278,8.64806956980946,8.41655371143609,0.997986236184634,1.00317717471318,0.992795297656075,0,-8.88178419700125e-14,4.44089209850063e-14
"225",100,8.80649045883763,2.70674099587287,0.013,14,22.4,2e-04,8.63211026424124,8.74838728728078,8.5158332412017,0.997986236184634,1.00317717471317,0.992795297656084,0,4.44089209850063e-14,0
"226",100,8.908305148386,2.71882466103302,0.013,14,22.5,2e-04,8.7319088878597,8.8487050047521,8.6151127709673,0.997986236184634,1.00317717471319,0.992795297656075,8.88178419700125e-14,1.33226762955019e-13,8.88178419700125e-14
"227",100,9.0101198379344,2.73090832619317,0.013,14,22.6,2e-04,8.83170751147817,8.94902272222342,8.71439230073291,0.997986236184651,1.00317717471320,0.992795297656102,-4.44089209850063e-14,-8.88178419700125e-14,4.44089209850063e-14
"228",100,9.11193452748278,2.74299199135331,0.013,14,22.7,2e-04,8.93150613509663,9.04934043969474,8.81367183049852,0.997986236184625,1.00317717471317,0.992795297656084,-1.33226762955019e-13,-4.44089209850063e-14,-1.33226762955019e-13
"229",100,9.21374921703116,2.75507565651346,0.013,14,22.8,2e-04,9.0313047587151,9.14965815716606,8.91295136026413,0.997986236184625,1.00317717471319,0.992795297656075,4.44089209850063e-14,4.44089209850063e-14,0
"230",100,9.31556390657954,2.76715932167361,0.013,14,22.9,2e-04,9.13110338233356,9.24997587463738,9.01223089002974,0.997986236184634,1.00317717471318,0.992795297656084,4.44089209850063e-14,-8.88178419700125e-14,4.44089209850063e-14
"231",100,9.41737859612792,2.77924298683375,0.013,14,23,2e-04,9.23090200595202,9.3502935921087,9.11151041979535,0.997986236184634,1.00317717471317,0.992795297656084,8.88178419700125e-14,8.88178419700125e-14,8.88178419700125e-14
"232",100,9.5191932856763,2.7913266519939,0.013,14,23.1,2e-04,9.33070062957048,9.45061130958001,9.21078994956096,0.997986236184651,1.00317717471320,0.992795297656102,0,4.44089209850063e-14,0
"233",100,9.62100797522469,2.80341031715405,0.013,14,23.2,2e-04,9.43049925318895,9.55092902705133,9.31006947932657,0.997986236184634,1.00317717471318,0.992795297656084,-8.88178419700125e-14,-8.88178419700125e-14,-1.33226762955019e-13
"234",100,9.72282266477307,2.81549398231420,0.013,14,23.3,2e-04,9.53029787680741,9.65124674452265,9.40934900909217,0.997986236184634,1.00317717471318,0.992795297656075,0,0,0
"235",100,9.82463735432145,2.82757764747434,0.013,14,23.4,2e-04,9.63009650042588,9.75156446199397,9.50862853885778,0.997986236184634,1.00317717471318,0.992795297656084,-4.44089209850063e-14,-4.44089209850063e-14,0
"236",100,9.92645204386983,2.83966131263449,0.013,14,23.5,2e-04,9.72989512404434,9.85188217946529,9.60790806862339,0.997986236184625,1.00317717471317,0.992795297656075,4.44089209850063e-14,8.88178419700125e-14,0
"237",100,10.0282667334182,2.85174497779464,0.013,14,23.6,2e-04,9.8296937476628,9.9521998969366,9.707187598389,0.997986236184643,1.00317717471320,0.992795297656084,4.44089209850063e-14,4.44089209850063e-14,4.44089209850063e-14
"238",100,10.1300814229666,2.86382864295478,0.013,14,23.7,2e-04,9.92949237128127,10.0525176144079,9.8064671281546,0.997986236184634,1.00317717471318,0.992795297656084,-4.44089209850063e-14,-8.88178419700125e-14,4.44089209850063e-14
"239",100,10.2318961125150,2.87591230811493,0.013,14,23.8,2e-04,10.0292909948997,10.1528353318792,9.90574665792021,0.997986236184634,1.00317717471318,0.992795297656093,-4.44089209850063e-14,4.44089209850063e-14,-4.44089209850063e-14
"240",100,10.3337108020634,2.88799597327508,0.013,14,23.9,2e-04,10.1290896185182,10.2531530493506,10.0050261876858,0.997986236184625,1.00317717471319,0.992795297656075,-4.44089209850063e-14,-4.44089209850063e-14,-8.88178419700125e-14
"241",100,10.4355254916117,2.90007963843522,0.013,14,24,2e-04,10.2288882421367,10.3534707668219,10.1043057174514,0.997986236184625,1.00317717471317,0.992795297656075,1.33226762955019e-13,0,1.33226762955019e-13
"242",100,10.5373401811601,2.91216330359537,0.013,14,24.1,2e-04,10.3286868657551,10.4537884842932,10.2035852472170,0.997986236184651,1.00317717471319,0.992795297656102,4.44089209850063e-14,4.44089209850063e-14,0
"243",100,10.6391548707085,2.92424696875552,0.013,14,24.2,2e-04,10.4284854893736,10.5541062017645,10.3028647769826,0.997986236184634,1.00317717471318,0.992795297656075,-8.88178419700125e-14,-4.44089209850063e-14,-8.88178419700125e-14
"244",100,10.7409695602569,2.93633063391566,0.013,14,24.3,2e-04,10.5282841129920,10.6544239192358,10.4021443067483,0.997986236184634,1.00317717471318,0.992795297656084,0,0,4.44089209850063e-14
"245",100,10.8427842498053,2.94841429907581,0.013,14,24.4,2e-04,10.6280827366105,10.7547416367072,10.5014238365139,0.997986236184634,1.00317717471318,0.992795297656084,0,0,0
"246",100,10.9445989393537,2.96049796423596,0.013,14,24.5,2e-04,10.7278813602290,10.8550593541785,10.6007033662795,0.997986236184634,1.00317717471318,0.992795297656084,8.88178419700125e-14,8.88178419700125e-14,8.88178419700125e-14
"247",100,11.0464136289020,2.97258162939610,0.013,14,24.6,2e-04,10.8276799838474,10.9553770716498,10.6999828960451,0.997986236184651,1.00317717471320,0.992795297656102,0,0,-4.44089209850063e-14
"248",100,11.1482283184504,2.98466529455625,0.013,14,24.7,2e-04,10.9274786074659,11.0556947891211,10.7992624258107,0.997986236184634,1.00317717471318,0.992795297656075,-8.88178419700125e-14,-8.88178419700125e-14,-8.88178419700125e-14
"249",100,11.2500430079988,2.9967489597164,0.013,14,24.8,2e-04,11.0272772310844,11.1560125065924,10.8985419555763,0.997986236184634,1.00317717471318,0.992795297656084,0,0,4.44089209850063e-14
"250",100,11.3518576975472,3.00883262487654,0.013,14,24.9,2e-04,11.1270758547028,11.2563302240637,10.9978214853419,0.997986236184634,1.00317717471318,0.992795297656084,-4.44089209850063e-14,0,-4.44089209850063e-14
"251",100,11.4536723870956,3.02091629003669,0.013,14,25,2e-04,11.2268744783213,11.3566479415351,11.0971010151075,0.997986236184625,1.00317717471318,0.992795297656075,4.44089209850063e-14,8.88178419700125e-14,8.88178419700125e-14
"252",100,11.5554870766439,3.03299995519684,0.013,14,25.1,2e-04,11.3266731019398,11.4569656590064,11.1963805448731,0.997986236184643,1.00317717471320,0.992795297656102,4.44089209850063e-14,0,0
"253",100,11.6573017661923,3.04508362035698,0.013,14,25.2,2e-04,11.4264717255582,11.5572833764777,11.2956600746387,0.997986236184634,1.00317717471318,0.992795297656075,-8.88178419700125e-14,-1.33226762955019e-13,-1.77635683940025e-13
"254",100,11.7591164557407,3.05716728551713,0.013,14,25.3,2e-04,11.5262703491767,11.6576010939490,11.3949396044043,0.997986236184625,1.00317717471317,0.992795297656066,-4.44089209850063e-14,-4.44089209850063e-14,0
"255",100,11.8609311452891,3.06925095067728,0.013,14,25.4,2e-04,11.6260689727951,11.7579188114203,11.4942191341699,0.997986236184625,1.00317717471317,0.992795297656075,4.44089209850063e-14,4.44089209850063e-14,8.88178419700125e-14
"256",100,11.9627458348375,3.08133461583742,0.013,14,25.5,2e-04,11.7258675964136,11.8582365288917,11.5934986639356,0.997986236184634,1.00317717471318,0.992795297656084,1.33226762955019e-13,8.88178419700125e-14,1.33226762955019e-13
"257",100,12.0645605243859,3.09341828099757,0.013,14,25.6,2e-04,11.8256662200321,11.9585542463630,11.6927781937012,0.997986236184651,1.00317717471319,0.992795297656102,0,0,0
"258",100,12.1663752139342,3.10550194615772,0.013,14,25.7,2e-04,11.9254648436505,12.0588719638343,11.7920577234668,0.997986236184634,1.00317717471318,0.992795297656084,-8.88178419700125e-14,0,-1.33226762955019e-13
"259",100,12.2681899034826,3.11758561131786,0.013,14,25.8,2e-04,12.025263467269,12.1591896813056,11.8913372532324,0.997986236184634,1.00317717471319,0.992795297656075,0,-4.44089209850063e-14,0
"260",100,12.370004593031,3.12966927647801,0.013,14,25.9,2e-04,12.1250620908875,12.2595073987769,11.990616782998,0.997986236184634,1.00317717471317,0.992795297656084,0,-4.44089209850063e-14,4.44089209850063e-14
"261",100,12.4718192825794,3.14175294163816,0.013,14,26,2e-04,12.2248607145059,12.3598251162482,12.0898963127636,0.997986236184634,1.00317717471318,0.992795297656084,4.44089209850063e-14,1.77635683940025e-13,4.44089209850063e-14
"262",100,12.5736339721278,3.15383660679830,0.013,14,26.1,2e-04,12.3246593381244,12.4601428337196,12.1891758425292,0.997986236184643,1.00317717471321,0.992795297656093,-4.44089209850063e-14,-4.44089209850063e-14,0
"263",100,12.6754486616762,3.16592027195845,0.013,14,26.2,2e-04,12.4244579617429,12.5604605511909,12.2884553722948,0.997986236184625,1.00317717471317,0.992795297656084,-4.44089209850063e-14,-1.33226762955019e-13,-4.44089209850063e-14
"264",100,12.7772633512245,3.1780039371186,0.013,14,26.3,2e-04,12.5242565853613,12.6607782686622,12.3877349020604,0.997986236184634,1.00317717471318,0.992795297656084,4.44089209850063e-14,8.88178419700125e-14,-4.44089209850063e-14
"265",100,12.8790780407729,3.19008760227875,0.013,14,26.4,2e-04,12.6240552089798,12.7610959861335,12.4870144318260,0.997986236184634,1.00317717471319,0.992795297656075,-4.44089209850063e-14,-8.88178419700125e-14,-4.44089209850063e-14
"266",100,12.9808927303213,3.20217126743889,0.013,14,26.5,2e-04,12.7238538325982,12.8614137036048,12.5862939615916,0.997986236184625,1.00317717471317,0.992795297656075,8.88178419700125e-14,4.44089209850063e-14,1.33226762955019e-13
"267",100,13.0827074198697,3.21425493259904,0.013,14,26.6,2e-04,12.8236524562167,12.9617314210762,12.6855734913572,0.997986236184651,1.00317717471320,0.992795297656102,4.44089209850063e-14,1.33226762955019e-13,0
"268",100,13.1845221094181,3.22633859775919,0.013,14,26.7,2e-04,12.9234510798352,13.0620491385475,12.7848530211229,0.997986236184634,1.00317717471319,0.992795297656075,-1.33226762955019e-13,-1.33226762955019e-13,-1.33226762955019e-13
"269",100,13.2863367989664,3.23842226291933,0.013,14,26.8,2e-04,13.0232497034536,13.1623668560188,12.8841325508885,0.997986236184625,1.00317717471317,0.992795297656075,0,-4.44089209850063e-14,4.44089209850063e-14
"270",100,13.3881514885148,3.25050592807948,0.013,14,26.9,2e-04,13.1230483270721,13.2626845734901,12.9834120806541,0.997986236184634,1.00317717471318,0.992795297656084,4.44089209850063e-14,0,4.44089209850063e-14
"271",100,13.4899661780632,3.26258959323963,0.013,14,27,2e-04,13.2228469506906,13.3630022909614,13.0826916104197,0.997986236184634,1.00317717471317,0.992795297656084,8.88178419700125e-14,8.88178419700125e-14,8.88178419700125e-14
"272",100,13.5917808676116,3.27467325839977,0.013,14,27.1,2e-04,13.3226455743090,13.4633200084328,13.1819711401853,0.997986236184651,1.00317717471320,0.992795297656102,0,8.88178419700125e-14,-4.44089209850063e-14
"273",100,13.6935955571600,3.28675692355992,0.013,14,27.2,2e-04,13.4224441979275,13.5636377259041,13.2812506699509,0.997986236184634,1.00317717471319,0.992795297656075,-1.33226762955019e-13,-1.33226762955019e-13,-8.88178419700125e-14
"274",100,13.7954102467084,3.29884058872007,0.013,14,27.3,2e-04,13.5222428215459,13.6639554433754,13.3805301997165,0.997986236184625,1.00317717471317,0.992795297656084,-4.44089209850063e-14,-4.44089209850063e-14,4.44089209850063e-14
"275",100,13.8972249362567,3.31092425388021,0.013,14,27.4,2e-04,13.6220414451644,13.7642731608467,13.4798097294821,0.997986236184625,1.00317717471318,0.992795297656084,4.44089209850063e-14,8.88178419700125e-14,-4.44089209850063e-14
"276",100,13.9990396258051,3.32300791904036,0.013,14,27.5,2e-04,13.7218400687829,13.8645908783180,13.5790892592477,0.997986236184634,1.00317717471319,0.992795297656075,1.33226762955019e-13,4.44089209850063e-14,8.88178419700125e-14
"277",100,14.1008543153535,3.33509158420051,0.013,14,27.6,2e-04,13.8216386924013,13.9649085957893,13.6783687890133,0.997986236184651,1.00317717471319,0.992795297656102,0,-4.44089209850063e-14,4.44089209850063e-14
"278",100,14.2026690049019,3.34717524936065,0.013,14,27.7,2e-04,13.9214373160198,14.0652263132607,13.7776483187789,0.997986236184634,1.00317717471318,0.992795297656084,-8.88178419700125e-14,0,-1.33226762955019e-13
"279",100,14.3044836944503,3.3592589145208,0.013,14,27.8,2e-04,14.0212359396383,14.165544030732,13.8769278485445,0.997986236184634,1.00317717471319,0.992795297656075,-4.44089209850063e-14,-8.88178419700125e-14,-4.44089209850063e-14
"280",100,14.4062983839987,3.37134257968095,0.013,14,27.9,2e-04,14.1210345632567,14.2658617482033,13.9762073783102,0.997986236184625,1.00317717471317,0.992795297656075,-1,-1,-1
"281",100,14.5081130735470,3.38342624484109,0.013,14,28,2e-04,14.2208331868752,14.3661794656746,14.0754869080758,-1,-1,-1,-1,-1,-1
