"","T","payoffAve","payoffStdDev","sigma","K","S0","r","C","Cup","Clow"
"1",100,0,0,0,14,12,2e-04,0,0,0
"2",100,0,0,0.00314970394174356,14,12,2e-04,0,0,0
"3",100,0.00254252426187614,0.0354469510080547,0.00629940788348712,14,12,2e-04,0.00249217890834123,0.0040149200739458,0.000969437742736657
"4",100,0.0288090658074905,0.165042356895255,0.00944911182523068,14,12,2e-04,0.0282386080837092,0.0353285490734349,0.0211486670939835
"5",100,0.0859862752489483,0.353824383068724,0.0125988157669742,14,12,2e-04,0.0842836329216086,0.0994833310104783,0.0690839348327389
"6",100,0.165968374511164,0.571327076962365,0.0157485197087178,14,12,2e-04,0.162681980506722,0.187225227087152,0.138138733926292
"7",100,0.261626788107601,0.807356362361905,0.0188982236504614,14,12,2e-04,0.256446230604578,0.291128896766807,0.22176356444235
"8",100,0.368742865261194,1.05720433330219,0.0220479275922049,14,12,2e-04,0.361441267320354,0.406856980463325,0.316025554177383
"9",100,0.482763891017549,1.31927961482816,0.0251976315339485,14,12,2e-04,0.473204525495808,0.529878550237324,0.416530500754293
"10",100,0.60298414591868,1.59217783516235,0.0283473354756920,14,12,2e-04,0.591044259854497,0.659441531371981,0.522646988337014
"11",100,0.726824655001563,1.87602049645077,0.0314970394174356,14,12,2e-04,0.712432562559173,0.793023235557095,0.63184188956125
"12",100,0.854016452052659,2.17050608562439,0.0346467433591792,14,12,2e-04,0.837105793284159,0.930347069974627,0.74386451659369
"13",100,0.983083413756564,2.47609132344158,0.0377964473009227,14,12,2e-04,0.96361705791406,1.06998576046182,0.8572483553663
"14",100,1.11340714014941,2.79307761175394,0.0409461512426663,14,12,2e-04,1.09136020162472,1.21134609990916,0.97137430334027
"15",100,1.24468217179444,3.1217822210981,0.0440958551844099,14,12,2e-04,1.22003581348148,1.35414230678857,1.08592932017439
"16",100,1.37653633105767,3.46264898490204,0.0472455591261534,14,12,2e-04,1.34927908546128,1.49802863941166,1.20052953151090
"17",100,1.50870055458573,3.81615717773256,0.050395263067897,14,12,2e-04,1.47882628202210,1.64276195106259,1.31489061298162
"18",100,1.64100180779167,4.18281148303869,0.0535449670096405,14,12,2e-04,1.60850779489138,1.78819431381763,1.42882127596513
"19",100,1.77328217322904,4.56316579218418,0.0566946709513841,14,12,2e-04,1.73816883359763,1.93419473144307,1.54214293575218
"20",100,1.90542776760060,4.95780664068153,0.0598443748931277,14,12,2e-04,1.86769776988396,2.08067677225734,1.65471876751058
"21",100,2.03734059040475,5.36736147231946,0.0629940788348712,14,12,2e-04,1.99699854378874,2.22757133022455,1.76642575735293
